2779820.925
2779529.228
2777746.283
2776670.363
2776245.833
2776585.944
2779204.855
2775213.115
2778480.137
2776135.842
2775946.886
2775991.096
2779650.495
2779222.346
2779257.125
2777869.239
2775622.684
2776577.255
2776683.102
2776632.433
2779315.734
2779283.624
2779025.311
2779025.4
2778749.869
2779350.643
2776737.192
2776860.612
2777243.482
2775823.796
2775994.806
2781280.592
2776849.292
2777216.521
2777359.127
2778122.691
2775392.435
2775496.365
2776009.903
2777817.946
2778013.13
2777610.071
2777803.986
2778137.747
2774998.169
2775067.668
2776286.733
2776182.709
2777009.597
2777523.673
2776838.72
2781368.691
2781255.965
2775644.852
2775908.026
2781323.631
2775288.026
2776835.161
2777397.358
2775416.795
2777474.166
2775414.385
2777615.873
2778267.381
2778296.792
2778300.22
2776555.902
2776414.527
2776018.637
2778901.889
2781362.924
2779266.772
2772385.142
2772402.277
2772472.294
2771829.263
2773736.304
2774199.31
2773367.318
2772116.52
2773374.578
2774039.336
2772410.761
2772540.761
2772766.535
2773141.774
2773373.767
2771668.439
2773388.039
2773305.376
2771830.263
2771707.11
2771979.267
2772096.032
2772048.799
2772260.589
2774269.052
2774069.596
2774053.31
2772562.771
2772805.2
2771767.662
2771515.133
2771661.125
2773078.794
2769763.695
2769671.55
2769425.191
2770995.252
2768734.686
2768589.555
2769131.182
2768526.163
2768615.936
2769905.576
2770908.84
2769507.594
2770364.605
2770257.967
2770142.929
2770326.781
2770388.923
2770066.782
2769451.386
2769754.585
2770543.965
2770820.611
2769949.708
2769486.273
2768644.649
2768538.556
2769077.529
2768969.485
2769028.578
2768937.286
2768941.456
2768696.25
2768344.053
2768550.553
2768824.543
2770155.053
2770806.433
2770685.313
2770729.304
2770787.236
2770638.27
2770767.725
2770653.417
2770734.104
2770659.341
2770769.796
2770551.739
2770337.621
2770758.965
2770920.891
2769256.594
2770133.504
2768089.6
2768111.156
2769389.337
2767922.455
2769824.223
2769831.226
2769768.501
2769897.824
2769763.092
2769802.889
2770117.393
2769269.156
2768658.673
2768872.696
2769221.968
2767613.476
2769574.147
2769140.528
2770828.536
2769244.665
2769526.564
2769004.298
2769675.41
2769891.075
2770599.43
2770582.57
2770824.437
2769300.667
2769511.994
2768618.866
2768019.223
2769254.456
2768948.776
2770547.062
2768173.086
2767978.141
2767978.141
2770504.777
2770382.138
2770773.677
2768084.572
2772779.031
2773456.921
2773649.286
2775142.388
2773019.85
2773300.337
2771736.287
2772474.577
2772175.296
2771890.826
2771887.293
2774934.238
2771922.806
2771280.097
2771310.91
2775353.447
2775046.868
2771713.55
2772449.583
2772720.492
2772126.073
2773270.116
2772991.827
2771812.674
2775271.097
2775407.188
2775482.71
2772528.753
2772523.359
2772521.903
2773022.85
2773000.137
2773019.317
2771772.451
2772314.131
2771796.152
2772763.308
2772778.304
2772276.694
2772324.66
2772932.834
2772138.21
2772697.646
2772439.566
2773285.145
2772892.023
2771527.483
2773158.711
2771459.501
2771556.916
2771526.473
2771464.638
2771469.801
2772158.648
2772149.145
2772145.336
2772186.145
2772180.506
2771837.054
2771769.882
2771925.027
2771879.155
2771728.942
2772281.914
2773370.897
2772751.557
2772015.909
2771777.52
2773289.325
2773240.573
2773266.375
2773291.49
2774931.225
2772313.98
2772758.773
2772758.65
2772778.031
2772759.243
2773501.982
2772754.573
2773278.344
2772574.886
2771778.689
2771782.658
2773501.207
2771432.328
2770849.292
2767583.429
2770765.646
2770356.233
2771123.233
2771321.349
2771373.011
2771330.94
2771359.13
2771326.174
2767850.296
2771192.486
2771231.837
2771181.5
2770537.239
2771256.181
2769889.839
2771196.102
2768928.207
2771297.587
2770658.068
2769522.82
2771091.582
2769000.358
2769183.85
2768555.735
2767614.01
2769027.839
2771063.985
2769897.744
2769988.365
2771211.956
2770970.843
2770778.103
2770819.822
2770414.695
2770811.835
2770969.068
2770016.172
2770949.068
2770136.548
2769368.235
2769531.567
2768916.338
2769628.119
2770974.544
2770667.671
2770954.403
2770391.083
2768685.898
2769739.91
2770176.518
2769572.998
2771078.286
2770778.01
2770544.45
2769906.879
2769116.675
2768518.441
2771024.184
2769346.802
2771023.401
2769385.844
2770760.394
2771098.833
2771321.349
2774965.686
2775181.234
2775259.235
2774554.425
2774153.063
2774411.609
2772190.201
2775893.14
2773632.404
2773607.252
2774948.774
2775246.08
2775476.28
2775473.742
2775221.969
2775116.088
2775274.489
2775234.185
2775672.233
2775684.524
2775691.558
2773728.113
2773612.561
2773441.917
2773888.428
2775041.593
2774413.211
2775542.032
2774551.285
2773332.904
2772403.008
2773178.96
2773754.626
2774092.253
2775509.56
2775889.217
2775464.42
2774778.447
2774960.251
2774837.325
2774866.319
2774036.992
2774112.644
2774177.956
2774261.368
2774519.205
2775301.019
2774154.055
2772409.856
2774644.719
2774402.181
2775047.268
2773904.29
2775689.095
2772862.849
2774799.141
2774838.787
2774138.436
2775320.856
2774330.265
2773862.924
2774876.18
2774970.979
2764728.097
2764020.022
2764051.071
2764183.05
2764758.049
2764462.056
2765629.239
2765539.037
2765859.531
2766202.064
2766413.69
2765698.096
2766603.642
2766820.902
2765068.152
2765248.422
2766114.139
2764725.167
2764833.792
2764839.093
2764893.79
2764829.225
2764601.762
2764235.335
2765934.687
2765169.96
2764348.409
2764392.467
2764725.459
2764717.7
2765292.865
2765008.022
2766323.509
2766252.617
2766103.474
2766128.33
2766165.172
2766016.073
2766498.541
2763930.731
2764731.861
2764654.869
2764578.272
2765366.68
2766096.102
2778661.838
2779286.713
2781279.271
2781197.19
2782174.17
2781315.191
2777785.308
2778998.273
2781011.187
2778422.031
2777980.304
2778798.25
2780488.736
2781021.266
2781401.536
2780258.537
2780532.245
2781700.043
2781485.857
2780817.83
2778713.633
2778613.696
2778858.365
2780840.549
2778328.722
2779974.147
2779230.251
2778250.776
2778212.567
2779524.456
2779273.006
2781261.669
2781573.294
2778502.038
2779092.744
2779152.931
2780056.675
2782998.832
2778981.324
2779106.851
2781060.814
2778729.32
2771447.291
2771459.662
2771447.261
2771436.371
2771632.438
2771564.12
2771776.421
2771518.245
2771703.204
2771903.259
2772540.49
2771732.652
2771125.222
2772578.566
2772593.512
2772662.684
2772613.153
2772535.92
2772560.865
2772949.115
2771226.055
2772323.422
2772392.245
2771666.642
2771919.149
2771869.857
2771809.477
2771776.363
2771765.746
2771848.355
2771845.457
2771789.4
2771796.394
2771840.236
2771900.579
2772066.933
2772111.732
2772410.104
2771641.635
2771148.637
2772270.273
2772748.882
2772047.694
2771311.736
2772586
2772715.485
2772941.721
2772355.204
2771669.108
2771667.924
2771744.868
2770930.023
2770152.733
2768554.748
2769134.156
2770641.617
2771360.975
2771345.182
2769802.197
2769561.237
2770719.488
2770919.753
2770928.771
2771143.809
2769835.064
2769289.27
2768831.153
2768710.111
2770611.687
2770574.446
2770672.529
2770619.557
2770680.338
2770718.359
2770739.805
2771310.253
2770346.573
2770085.778
2770519.136
2769254.671
2769077.228
2771454.894
2771350.935
2770054.004
2769967.578
2769747.193
2770252.551
2770229.621
2769894.225
2770017.479
2770921.543
2769893.456
2768996.116
2769637.569
2769200.227
2768773.486
2769324.238
2769053.127
2770583.466
2769006.134
2770344.176
2770405.465
2769139.72
2768979.7
2770453.53
2771072.073
2769042.503
2770192.203
2769628.043
2770724.14
2771569.678
2771747.09
2772691.509
2770923.333
2771098.154
2771550.934
2771680.738
2771260.319
2771237.919
2772230.971
2772150.024
2772011.172
2772100.295
2771910.476
2771393.952
2770375.227
2769883.392
2769967.937
2772443.817
2770473.136
2772434.579
2772334.728
2768957.827
2769187.752
2770114.545
2770813.246
2768553.224
2770542.97
2770992.25
2768292.227
2769854.304
2768788.628
2769738.963
2769290.297
2770841.906
2769909.812
2770049.424
2769565.697
2770788.05
2771001.064
2771231.649
2771124.177
2770497.079
2771222.249
2768975.633
2768962.566
2770332.068
2770322.999
2769117.119
2770000.832
2769790.763
2768878.411
2769169.571
2768897.84
2769508.052
2768332.607
2771158.96
2770965.753
2770129.565
2769748.314
2769626.504
2768702.306
2771069.633
2768487.359
2771052.927
2768308.156
2769118.074
