302884.56
301890.352
301917.484
302230.092
301427.374
302232.302
303314.219
300837.171
302402.056
302227.292
301452.792
301193.451
302821.854
302725.604
302852.604
302127.432
300436.596
301876.853
302481.762
302243.362
302236.931
302512.452
302942.683
302812.03
302629.035
302306.872
301756.673
302040.141
301856.013
302261.04
302306.05
303767.968
304119.389
304741.325
302561.63
302035.974
300622.338
300580.197
300314.98
302756.559
302911.139
302308.661
302500.341
302683.53
301831.141
301918.416
300134.205
300456.884
302851.891
302459.351
301592.712
304251.955
304272.626
302141.791
301939.092
303660.167
301578.102
302896.09
301850.263
301368.162
301909.863
301920.042
301741.992
303204.274
302471.866
303380.623
304219.31
299437.426
300122.275
302952.425
303804.036
304925.55
301122.27
300746.99
301585.002
300797.97
300695.012
300772.058
301213.018
300607.42
301019.386
301198.061
301386.28
300787.151
300752.47
300752.375
300736.762
301303.359
301444.529
301487.11
300655.687
301448.112
300509.314
301100.106
300925.234
301010.524
301027.108
301337.45
300975.31
301151.656
301079.364
300552.875
301224.976
301144.151
301260.762
302348.352
305411.328
304836.004
303278.999
302588.116
304311.634
304833.025
304768.978
304685.407
304258.207
304297.133
304258.837
303097.526
303582.224
305097.755
304357.263
304194.552
304489.52
302623.201
302651.585
305421.522
305365.601
304911.674
304932.925
303375.718
303769.22
302224.179
303028.816
302838.083
303262.876
303520.598
303965.932
305340.224
305149.011
304755.438
305247.725
305083.36
303497.413
303806.778
303620.595
303803.738
303208.149
305374.041
304400.834
304118.221
304873.85
304978.68
304957.28
304485.356
304983.06
301855.441
304064.115
304764.452
305466.333
302499.863
304175.809
303537.478
303122.953
303843.072
305112.906
304139.826
304820.764
303388.915
303490.218
302518.321
302818.334
305327.648
303735.993
305093.706
305036.897
304128.161
304205.686
304000.044
304039.205
304047.635
304682.741
304402.104
304728.057
304738.828
304593.5
304714.063
304435.715
302967.001
303769.541
304870.918
303008.456
302717.726
303034.65
303034.65
304856.847
304773.106
303219.462
304232.288
303144.806
301895.104
301939.774
304543.099
301582.15
302701.031
302140.995
302938.35
302786.033
301668.507
304042.493
305643.785
302789.325
303834.814
303948.974
304270.956
304302.735
301972.283
301947.758
301908.037
301887.444
301896.974
302547.976
302000.003
304295.226
304563.12
305404.338
303243.964
302800.359
303560.728
301635.81
302526.675
304013.318
303117.98
302672.608
302641.323
302679.647
303584.318
303555.528
302132.25
302187.801
302172.358
302209.231
302169.461
302191.437
302985.871
302968.959
302992.587
302426.789
301939.521
302305.708
303162.521
302805.076
303720.423
302999.966
303106.276
302008.096
302292.968
302243.506
302347.968
303018.629
302532.891
303294.853
303376.757
303325.437
304051.075
304044.256
304042.423
302444.939
303127.496
302280.237
302054.355
305345.169
304012.414
303395.087
302007.528
302143.26
301763.295
303737.552
303739.281
303734.852
303713.421
302809.008
302970.341
302230.92
303717.771
300793.594
302650.294
302298.416
302510.987
301382.776
301468.872
301457.403
301378.449
301537.57
301437.384
302806.253
301510.301
301373.301
301361.956
301857.974
300972.864
302671.475
301003.993
301382.944
301396.497
300485.933
300057.598
301346.669
301025.509
300595.552
302036.877
303099.829
301723.298
300684.108
300398.137
300411.597
301209.217
302187.76
302834.845
302708.633
302206.861
301905.316
301944.246
302383.438
301781.302
301907.69
301497.564
301363.02
301926.615
301173.987
300970.645
301357.533
300776.51
300624.177
301562.298
301715.848
302905.349
301517.964
300882.371
300909.023
302777.581
302430.781
301841.517
302299.798
301302.803
301605.32
301221.582
301235.871
301013.43
301043.609
301468.872
307267.254
308586.124
308909.102
307575.201
307142.36
308216.802
307804.061
309638.977
310919.348
311081.075
307558.511
306806.35
305803.792
306368.236
306456.977
306868.241
307777.953
308782.603
308917.002
308613.032
306083.504
308275.232
308449.192
308729.322
308746.972
308789.324
310548.007
309659.326
307230.18
307443.802
307328.295
307690.541
311124.393
311282.8
308974.112
308354.252
309202.48
308748.172
309196.05
306995.289
309131.861
310929.78
310507.065
310785.721
311684.146
311925.71
307218.721
307256.45
308159.954
306985.849
307383.781
306459.278
307736.132
306466.546
307519.857
307561.492
308038.339
310537.412
307515.391
307297.114
311428.27
306580.532
306312.38
304914.861
305516.688
305748.858
306116.859
307272.865
307719.864
304402.212
304167.882
304138.913
306779.934
304825.59
305714.047
303345.186
303593.181
303655.91
303766.229
303669.937
304722.717
304097.966
305704.121
305997.72
306405.283
306768.095
306378.603
304541.335
307119.401
305619.751
305966.27
306655.925
307450.085
304090.045
303778.714
306432.097
304783.451
305010.064
305249.22
305468.94
305423.63
303521.684
305339.095
307294.1
307379.032
307431.817
303710.475
303627.716
301993.265
301532.485
299671.24
299157.025
299077.021
299932.733
301376.119
301235.138
299856.06
300688.798
301385.119
300400.114
299535.884
299539.754
298244.277
296416.002
299692.251
299572.446
299770.175
299908.392
300850.956
300615.465
301158.089
299773.605
301071.392
302304.281
299876.681
301638.2
301552.66
296310.542
296189.672
300025.067
300252.986
300957.922
300897.628
301847.684
299737.984
304362.827
301405.229
300287.255
300078.121
301568.141
304360.596
305186.182
304946.831
305313.902
307356.75
306424.993
307496.01
305920.035
306116.304
306077.094
305994.576
304950.531
304469.958
304399.047
305483.524
306285.676
305709.765
305174.202
304697.86
304160.945
305018.112
305314.474
305727.205
306234.414
304318.245
304405.886
306529.914
305865.085
306335.764
305454.122
304760.809
305083.431
304742.029
305169.24
304939.641
305773.038
304089.076
304147.435
304082.933
304070.656
304667.67
304353.877
304598.201
304595.588
306261.156
306458.266
306295.826
304486.099
306912.835
307324.703
305771.106
306869.87
305528.146
306583.225
306036.032
305943.484
306348.373
307453.03
306214.71
305788.111
306546.431
306572.851
307095.609
306581.156
305446.578
305782.531
306040.952
306665.174
307397.036
306869.13
307647.423
307105.309
306196.213
307591.564
306052.025
306344.453
307644.144
307541.051
307498.345
306504.878
306545.287
307281.011
306946.842
306289.515
307072.804
307172.482
307212.707
307387.536
307213.661
305755.027
306310.222
305795.041
305166.301
305555.539
305362.399
305247.823
306164.73
306493.827
305999.454
305423.617
308117.649
308298.988
306031.053
306328.096
306278.682
307410.942
305961.418
306579.073
306257.589
308490.006
309112.781
307834.278
311126.367
307995.251
308078.075
308604.534
309102.562
308541.145
308409.536
311047.189
310487.245
308689.451
308917.292
311375.744
311274.147
311419.486
310775.966
311159.28
309793.137
308885.132
310278.143
310279.793
300456.344
299881.746
299970.201
300121.935
299431.891
300074.914
300025.333
299416.89
298924.927
300631.358
300116.85
300119.83
300073.134
299494.683
299571.482
299119.522
300212.077
300221.437
300315.44
300313.643
300057.414
300199.478
299065.508
300226.047
299398.819
299936.562
300177.652
299766.42
299657.938
299660.299
299666.69
299689.75
299669.808
299218.674
300174.09
300380.011
299685.595
298787.974
298777.133
299156.781
300122.681
299879.873
300352.006
299391.802
298961.843
