302660.97
300760.57
302487.08
307368.25
305115.84
305156.03
305936.48
300358.76
308950.03
304764.34
302122.27
302888.73
304097.75
304794.25
304287.86
306240.25
305189.59
300240.02
302098
304705.25
305324.94
303624.18
303478.95
305550.77
302526.03
305625.49
300745.01
299001.45
301127.15
300730.36
302362.75
302707.01
300521.14
301676.43
307838.44
303550.83
301872.22
304012.55
305101.62
303844.33
301968.13
297151.11
300609.09
301341.56
303565.19
304509.03
304448.17
307192.96
307669.02
302024.47
298927.66
305297.11
303995.8
302986.38
305091.79
309772.49
309236.54
301516.37
300049.52
306714.59
307100.45
308594.99
302449.64
305940.31
299748
300042.2
299761.33
305048.23
307152.82
304082.16
300974.48
306010.57
304163.82
300762.13
302314.95
300336.9
299397.8
300785.51
301714.73
307442.12
305662.76
305087.69
310044.65
305744.81
302781.48
300433.58
302709.87
302157.1
304178.46
308124.03
308304.34
308420.82
301088
305526.26
299728.13
301341.56
299204.75
299479.37
307935.53
307975.56
301895.41
305881.18
304136.96
303678.43
300076.2
299848.45
298928.37
301063.9
300603
299134.55
302535.15
310531.27
308752.08
305509.83
304132.6
301803.95
302502.85
303484.8
306145.02
302491.98
306955.35
304081.4
308159.71
305946.77
299908.93
300093.49
303187.61
298905.19
300132.99
302309.84
306663.21
300777.72
302121.23
303798.79
300534.98
301335.68
308143.58
304819.84
301133.23
300357.25
305138.96
306777.6
299853.74
306170.29
299604.5
305272.32
299865.2
301805.79
306432.57
300981.48
299686.51
302729.65
308735.08
306097.76
306393.54
304976.67
304134
301925.75
306811.19
300570.04
301097.3
299676.5
307803.96
300625.83
302347.48
308077.52
299439.13
303936.26
306855.37
305227.65
304932.79
299767.52
300031.7
302964.03
300596.87
307347.6
305891.71
304960.57
306102.44
301133.85
299704.45
302914.84
299362.13
300574.29
298685.39
300295.08
301980.68
298825.86
307906.37
306020.46
309895.43
302828.23
302357.49
303334.64
304442.86
304514.48
302024.47
302111.69
305151.49
306186.56
302756.4
302398.6
305990.9
300060.86
304153.3
300922.81
304691.59
300702.33
306325.17
305827.09
303475.35
300757.36
305665.18
302276.24
300385.85
303443.23
301675
300769.34
308997.32
298859.93
303782.37
300121.79
299773.84
301232.05
301502.69
299298.49
299450.53
300116.22
304348.47
302931.01
311210.9
299755.08
301700.01
300246.59
302556.12
303372.21
305045.77
304076.4
301850.54
300392.75
301035.06
305364.89
306152.64
310999.77
299624.22
308984.54
302263.59
302253.1
305760.24
301113.26
306805.13
303545.61
301344.74
303120.23
306610.68
307300.21
301442.34
308815.12
307275.38
301063.9
304591
305225.46
303808.13
301779.33
305088.42
305950.38
299850.31
300388.04
303036.83
302694.21
301341.56
301842.8
306099.07
305533.43
311574.22
299224.86
299204.75
298713.71
302218.7
301854.1
306365.27
299679.65
303308.63
304732.61
306778.76
301366.77
299817.09
307424.31
305407.72
302771.8
303988.04
306395.03
303936.26
307643.2
299362
299783.81
305499.58
304947.77
301518.86
299049.29
302904.51
304187.33
306999.38
310245.74
307673.13
305119.87
305458.83
307848.82
304857.5
303770.65
307333.52
302104.97
302698.15
299194.05
305526.42
304516.28
310422.28
299997.24
300574.29
306145.9
299317.57
299617.28
304481.15
303564.25
297464.03
301292.31
307552.62
303410.28
303728.8
306352.27
305582.72
305655.61
305045.77
299137.14
300105.67
301145.3
301944.59
305217.6
299809.36
308939.89
306061.06
298554.52
299749.92
296387.5
306072.35
300194.87
305291.6
305817.43
306147.63
303040.07
299379.32
300630.38
299177.87
298922.57
306619.66
303797.3
299446.87
308433.58
303397.3
299882.27
300341.4
299510.27
303925.3
302978.19
306816.15
306855.29
302931.16
308143.58
298998.89
300753.49
303024.58
307602.04
306017.14
301495.51
297255.21
307843.94
300763.74
301064.28
305195.68
300197.44
303838.83
308694.73
302768.89
300838.39
300194.87
302382.01
306139.31
301186.48
306060.06
311193.4
299688.79
300250.82
310536.94
307775.85
302383.79
306916.19
300925.23
309809.47
302751.6
304739.69
306051.04
300715.81
304377.75
299311.62
306532.47
303458.44
303948.44
306673.27
303390
304941.9
305725.25
311103.92
301265.83
303197.18
300559.32
303383.68
309550.3
302585.14
300129.3
303106
305553.69
301963.9
305784.42
300735.65
303363.85
301591.43
300302.41
299850.6
307273.66
298940.72
302197.3
304336.24
302845.66
307993.72
311434.26
299422.79
306746.9
299612.62
305690.26
303714.85
301587.02
304012.55
306301.98
308673.37
305208.79
305517.73
301634.82
303576.9
306067.25
306356.94
305576.83
299686.01
305916.68
302110.44
305641.85
303800.63
299800.02
304504.49
302599.13
309770.61
299177.87
301046.85
300605.24
304356.8
302774.09
302181.74
306099.05
299674.35
299761.41
302916.46
303845.48
301895
303652.22
307453.16
302052.64
303172.48
305600.62
301141.48
306813.82
304942.4
303455.72
300792.95
299684.02
301394.14
298932.6
305719.19
304494.97
301123.92
301126
299295.71
305722.37
301147.08
304073.5
303693.29
305820.97
303082.39
307124.65
303745.21
304942.13
299606.05
308224.94
303062.17
312124.19
299827.32
305137.5
306693.67
298593.24
305845.48
303313
308147.16
304745.01
305330.19
308205.45
305423.34
301938.64
307078.78
301448.46
299466.89
299842.31
307205.37
300173.69
299771.28
299415.13
308168.17
301582.48
306635.48
304906.86
305224.44
303806.12
311076.76
309859.46
307274.85
305512.66
300707.44
307017.6
300006.91
300818.52
307564.63
305996.72
301108.45
298512.08
303571.86
302654
304095.67
304850.78
308143.58
301402.63
299873.47
299439.29
301185.91
303059.99
308447.69
305966.77
306458.9
311521.3
299422.59
298676.36
302238.12
305609.17
304088.62
303468.68
296207.36
302165.51
303022.3
299425.03
302793.15
305132.72
300619.95
306717.1
304521.36
303936.26
300756.73
302301.66
306169.27
303909.76
300543.58
311063.25
306270.09
299823.13
306062.17
306796.27
300911.39
300800.59
307286.82
301491.33
299843.42
306685.83
302772.56
305194.79
301701.34
302086.17
303174.25
303194.23
301425.26
303760.22
302652.63
307153.1
298708.79
301775.28
303104.26
302376.48
305045.77
302842.98
301575.86
302913.14
303544.23
300147.64
301497.6
305661.58
308834.95
300261.08
307382.48
310819.14
307006.48
299617
307386.98
302584.13
306269.6
302102.61
302583.78
311457
301159.2
311214.24
302640.2
308013.3
299129.98
298270.1
304826.09
303228.07
306479.6
302036.38
303683.15
300836.4
307392.55
299910.69
299204.75
306202.37
303938.56
302307.72
307170.17
301135.39
301105.23
307192.61
311082
304174.59
308044.36
305143.64
299667.82
306411.36
302051.5
303201.83
302355.46
302429.33
302206
300395.56
308143.58
300624.7
298541.59
308946.41
300403.69
300840.15
301613.12
307500.96
300587.72
303669.03
302452.55
301291.09
303261.7
303547.71
300471.19
309764.26
306069.51
302472.2
304873.05
308529.79
308985.45
304252.96
307427.52
309860.45
307802.09
301137.6
303549.25
301006.57
307415.02
301824.84
307453.16
300570.25
299937.61
309212.81
306039.36
302132.53
302720.66
300911.39
305315.1
307848.82
305944.17
300728.19
305902.15
303556.66
302763.82
301471.26
306785.53
300138.37
300022.56
300540.69
306033.18
300372.34
301791.86
310011.67
302917.99
301965.3
306179.35
305361.74
313047.38
302414.85
299587.3
302884.91
306602.8
303620.39
299102.72
300952.94
306716.38
307768.43
299865.13
306185.57
298745.12
302923.23
301478.98
305123.54
303914.7
306479.6
299401.21
299837.31
299797.85
306170.26
305902.13
303516.43
300784.99
308143.58
299298.49
300391.66
300179.18
303694.08
302409.74
303527.89
299345.24
309015.94
315718.92
305734.23
304122.95
300491.16
299683.76
302983.16
303694.38
303330
304194.66
305909.91
300981.73
299364.67
299686.84
300546.46
305927.13
307380.87
305511.21
306727.38
300623.99
300483.28
305100.24
302900.16
306622.06
302680.45
301121.85
305176.06
306545.32
300587.72
305387.38
308553.65
303498.17
306019.34
304596.78
304494.97
304426.9
308251.12
299718.11
300794.9
302640.2
304757.57
301565.49
305181.61
306127.79
304834.75
301441.5
300717.15
302206.63
303736.83
302248.71
299558.5
310579.31
299634.27
308441.99
300123.81
305427.05
300266.9
298377.73
304898.3
305739.67
304670.25
306493.96
301879.61
298785.83
301209.38
302691.99
304952.23
305605.1
304949.5
304733.34
302031.2
301638.74
301403.4
301409.33
305754.66
302816.47
301558.88
298998.49
301778.06
306849.59
299694.99
302056.15
305184.79
309099.22
307597.28
308829.71
305413.75
304245.45
306264.93
302098.12
296456.68
305978.08
299546.59
302544.2
299750.09
305960
300263.84
298940.22
302940.81
300587.72
302683.58
303581.26
305903.42
307097.97
305879.58
302914.98
302253.1
308213.8
304948.29
301276.26
300060.86
301016.09
298813.55
306401.68
302526.03
300757.36
307517.82
302904.33
305481.88
301657.99
304876.48
306858.08
305132.63
306062.17
300388.73
300622.22
302338.36
305333.47
301529.09
300661.54
303848.3
304999.5
306896.14
302431.12
302067.34
300491.52
304476.95
305869.6
302886.52
299625.65
301642.58
303696.83
299742.42
310087.01
301934.67
300771.56
305638.68
310488.25
299568.42
302342.14
305184.56
300554.91
301357.24
299866.24
300672.04
305902.81
306582.18
304693.71
306856.4
305570.67
299903.58
300835.03
304672.66
307493.94
303421.09
305575.06
307306.48
307098.78
306354.05
309127.09
307524.69
299331.4
300103.1
311271.88
305784.42
299540.92
300513.8
307364.62
304729.05
304005.81
302196.02
304707.16
300127.14
300909.18
300557.68
307987.73
306377.86
299345.36
304265.44
305134.85
305279.26
304184.78
299039.25
307331.84
301130.8
310789.14
305452.07
300809.27
305547.63
307159.33
299990.13
304735.44
303936.26
304984.05
311165.85
301134.7
301370.89
306736.99
304425.74
305893.52
303481.39
303888.12
305406.67
299837.31
301271.96
305062.49
306123.78
305746.66
302872.96
310247.36
302024.47
302642.76
307191.32
305546.26
311567.89
307377.21
305399.36
300470.09
300421.1
301728.33
303673.73
299493.61
302690.58
301956.09
307210.34
299824.38
299805.27
303652.12
306063.63
302058.59
303409.48
307311.2
296167.72
304754.73
308335.21
311644.47
302135
300341.4
305741.48
307125.73
307093.75
305717.17
303396
308143.58
307783.32
305732.71
304153.1
306498.84
299445.97
302063.55
300323.75
303470
305432.87
300251.16
304827.7
308607.96
303758.46
308607.96
303299.19
308519.06
306824.31
306827.36
300704.49
302108.56
303993.56
307714.37
300161.95
304623.26
301138.25
299676.4
303060.43
299866.15
306735.23
300316.71
303605.98
302565.63
308294.46
305556.07
301374.98
305042.71
309101.6
304326.15
303780.23
303191.02
298997.65
303921.15
305517.37
304089.03
307589.08
302649.44
300898.99
302388.06
304228.01
301271.96
308274.01
308066.17
299721.51
306758.62
300172.48
299545.13
303046.83
298442.79
302475.5
299187.57
306348.56
300717.07
303148.28
302364.1
300189.75
305371.41
299773.85
306350.65
302352.69
305709.29
304074.14
301019.1
302139.12
298733.13
299961.06
299762.61
299143.26
302641.08
306237.98
308672.91
305667.5
306465.66
301146.99
306325.38
302745.96
303623.66
301815.55
301414.5
305436.56
302957.13
301867.54
306508.93
302097.36
300804.38
304261.7
303577.61
301181.1
302204.24
305763.65
300565.49
300787.25
301298.27
308291.36
307651.23
300728.49
306352.01
304964.78
299750.09
308808.48
305915.62
304772.43
304906.86
309810.43
311568.91
311775.31
308672.91
307575.83
300757.36
303269.08
303623.72
302119.1
300670.74
303607.06
301872.22
303061.63
304864.87
302730.04
303429.27
303426.24
300646.89
301903.26
306838.87
303776.48
307118.56
300658.36
306271.53
301248.98
302213.74
304455.32
302418.01
300708.39
300192.25
296145.26
300803.28
299706.89
301370.89
304301.73
300518.63
299327.29
306574.98
302000.1
298727.99
299336.82
302974.63
303936.26
304438.65
308143.58
302804.93
303047.43
308143.58
301513.33
298758.02
308143.58
310208.04
301876.58
304817.09
302456.93
302598.02
299191.65
301173.94
305165.97
301031.8
302867.11
305449.51
300565.49
307490.36
304965.37
300662.79
302099.84
300596.87
301756.68
300144.95
299767.87
301892.88
301690.67
303936.26
307537.04
300245.76
299289.64
304053
306062.17
308925.47
298925.62
301627.98
310105.09
301346.75
303936.26
308779.33
305765.77
305487.68
304371.78
301642.1
305965.26
305446.24
305119.47
308754.51
301293.01
301938.36
295964.93
308716.99
309011.51
302051.49
304871.71
299250.56
304333.18
305394.8
301943.82
300210.83
301529.47
300465.1
301117.4
305792.01
302256.83
303347.29
300544.47
301256.66
302859.3
306962.8
307668.06
303577.61
302281.68
307202.1
299698.16
302066.25
306296.38
301984.22
302534.36
303745
299115.56
301419.82
302295.26
301762
304885.29
307165.06
306355.89
305774.33
301994.99
306194.33
303218.74
301628.27
308979.25
302427.39
307195.01
300477.21
298890.27
302125.2
301973.61
301471.23
311638.85
301570.89
310149.36
304938.46
310902.85
306415.8
305785.73
300686.05
303907.87
305027.62
300467.48
302097.36
302273.35
305259.23
307383.35
305656.56
299481.01
306340.62
306719.04
306519.86
305241.77
304733.34
299426.19
300308.03
299995.29
302905.53
304134.5
300040.69
311186.5
306519.63
302230.76
299078.54
302024.47
301130.8
303657.66
303716.36
309000
300747.64
301919.55
305502.93
307038.41
300800.57
307409.01
302731.65
304149.82
305585.57
311938.2
310962.63
304655
300517.36
308540.25
305144.63
306278.81
311014.94
311649.89
299874.88
308692.84
302657.24
302253.1
303698.05
302024.47
300428.03
307093.86
303000.38
304882.32
307525.95
306650.65
309255.41
301671.35
307312.13
299558.5
305838.68
300911.39
308716.99
300968.1
302115.99
300581.22
301549.92
305089.6
306589.9
299525.56
300532.12
304943.45
305558.29
301897.04
305721.01
298692.47
299569.5
305460.84
300131.84
300331.56
299979.81
305245.09
306261.81
299489.3
300624.58
311035.35
301052.71
301867.17
305603.69
302859.6
307461.81
309601.26
305187.89
300869.45
304895.97
300911.39
311226.76
302369.13
302455.48
303315.74
307967.21
299689.13
305235.9
305201.27
303220.03
304586.78
302443.96
300757.36
303663.23
308276.56
300176.95
301059.12
304467.07
302261
302870.23
305765.37
306968.03
304686.75
309439.66
303600.81
307127.43
301800.5
300952.94
306716.24
299420.55
309227.23
300031.76
301523.88
307277.56
304821.24
298761.02
302709.65
304164.73
305642.96
303090.4
308301.34
304857.43
304361.65
302629.32
303581.22
305055.18
301586.08
300289.61
300319.65
301361.21
300686.36
303042.75
301651.5
303409.52
305373.08
300092.79
299484.91
307340.89
302780.76
304716.03
303577.61
311255.94
301086.97
301560.23
298629.83
301654.89
311018.7
300112.06
302241.88
305571.34
303283.04
311358.9
303929.56
305003.34
304077.17
300317.84
302780.92
304372.76
308103.89
301737.41
304710.26
303362.02
304277.03
301824.84
305703.71
308339.85
307439.35
307351.7
311259.8
303292.98
299592.04
305602.53
301668.59
301209.22
304213.87
299666.32
304222.41
304940.7
306119.58
307741.18
302181.74
302356.35
299650.09
301433.84
301487.38
302439.16
307791.62
305039.19
302940.81
300367.24
299598.51
302973.23
309348.74
308808.06
303958.59
301161.98
309167.46
306814.31
298916.72
299230.1
298977.36
304222.95
309925.03
305137.5
299626.5
301764.16
303445.49
302454.06
305017.03
302689.15
300568.82
305591.21
299556.52
302744.2
306237.61
302742.22
307331.56
299691.3
300105.08
304915.46
302024.47
302596.15
301843.01
306484.65
306332.31
304933.41
300565.61
301275
302001.58
300291.07
309441.4
303955.49
308892.39
306117.64
304438.78
299850.77
303559.52
305813.61
304798.82
300787.63
300406.25
305751.92
302381.46
307312.23
311969.89
302954.89
300608.73
301923.26
299814.54
306988.89
304860.35
301872.22
300269.22
302781.67
302352.5
308880.83
303525.92
305142.46
301201.01
302209.38
302272.42
308729.29
303187.61
308339.76
301542.07
304239.07
302028.28
300911.39
305169.05
300887.04
302332.68
298940.97
301065.43
306187.49
304395.37
299048.08
303922.32
307490.7
300001.31
302338.88
302261
305029.96
302810.48
305907.65
306825.76
308143.58
304316.47
302016.8
305647.38
305081.24
303885.23
306181.68
299460.88
305877.1
307029.17
307906.37
302364.1
303759.78
305151.32
303350.42
305306.93
305838.57
308842.39
305315.35
306839.82
304148.64
302050.1
299068.69
307134.52
301468.14
305074.94
302146.64
302040.81
305609.47
301867.44
298745.12
302659
298709.57
299981.67
304827.02
301881.53
300029.25
304775.33
305066.54
299742.48
304440.32
299298.49
306117.64
300757.36
304565.41
303635.69
299136.22
302211.73
306086.33
306999.38
304308.88
311390.66
300383.56
299766.79
301543.1
304257.41
