2768906.07
2778420.05
2776929.08
2764711.76
2764553.05
2780765.51
2772143.81
2769938.86
2773900.5
2772119.91
2776714.4
2768314.07
2769404.21
2774738.65
2765815.77
2771956.12
2770053.06
2778972.13
2771526
2774936.12
2775513.08
2769180.7
2775386.03
2768040.21
2777852.95
2765076.74
2775993.32
2768979.81
2773109.7
2772788.86
2780021.52
2779639.18
2780111.73
2772321.63
2770731.05
2773614.98
2771481.08
2765105.79
2769100.93
2770752.29
2770584.67
2780859.16
2779307.27
2771306.57
2772648.48
2773104.9
2780967.83
2775453.28
2770501.98
2773425.76
2769687.56
2771735.18
2765128.15
2779292.02
2768205.77
2775254.27
2774959.76
2772280.94
2781253.53
2771231.33
2768368.94
2774254.29
2779852.13
2767675.47
2769978
2770413.93
2768939.32
2765889.25
2770616.44
2769060.79
2768928.24
2768568.79
2767522.58
2772600.78
2771410.65
2770595.27
2768261.47
2775873.26
2771759.46
2772467.29
2774700.92
2769358.58
2774139.38
2771929.68
2779486.65
2771336.85
2779661.85
2770460.52
2771974.94
2774463.69
2775902.14
2772032.89
2778828
2769782.4
2770124.76
2771306.57
2769337.09
2770310.8
2771185.28
2771201.03
2779690.49
2772110
2769016.93
2768589.16
2768910.42
2768585.64
2770188.34
2772686.25
2776157.37
2768139.47
2768037.84
2773874.49
2775115.24
2764117.6
2765459.07
2776772.29
2772919.64
2772557.89
2771770.54
2770227.17
2770621.9
2765808.4
2770628.37
2770477.76
2771123.74
2780885.04
2779390.75
2769300.84
2769091.43
2771507.17
2770934.75
2773743.2
2770985.91
2771116.72
2772449.12
2774040.54
2764925.08
2765994.79
2773126.6
2776268.43
2763950.88
2764325.78
2770766.74
2768945.78
2781187.34
2766231.12
2779459.05
2778851.8
2764360.21
2774181.99
2781452.78
2779030.12
2773498.25
2769134.72
2771727.03
2770479.99
2771674.45
2770211.47
2764702.15
2773146.17
2772731.84
2768797.14
2772103.6
2772753.97
2770773.38
2774875.94
2781151.4
2777391.75
2768643.29
2775561.34
2772053.33
2769684.08
2770963.28
2770400.19
2770977.72
2770199.06
2769294.92
2765874.86
2772845.77
2778967.9
2781840.43
2773411.84
2780858.18
2771849.88
2768858.42
2775734.39
2771545.8
2769901.33
2771062.87
2775422.12
2775507.28
2773418.88
2768458.92
2766170.39
2770041.06
2769815.29
2773425.76
2772501.53
2770884.22
2764188.74
2770570.41
2778238.58
2770558.67
2769353.34
2766084.38
2774505.59
2769420.98
2779013.04
2772703.52
2767847.66
2765485.5
2775403.67
2764352.96
2771750.58
2769372.8
2765937.6
2771310
2773781.79
2771077.91
2782144.44
2769321.3
2781886.97
2781092.36
2777952.38
2778563.04
2780640.68
2768990.83
2775774.44
2771062.26
2778220.03
2774440.83
2769223.03
2774859.59
2770122.34
2773675.83
2770712.12
2765846.4
2768858.84
2771662.91
2769226.99
2772530.25
2771519.63
2773067.44
2773617.51
2768281.74
2775889.47
2769264.16
2771076.74
2764353.16
2771900.56
2764498.7
2775294.33
2769055.69
2773341.63
2768720.55
2774950.15
2773443.21
2775918.16
2770895.75
2772686.25
2769042.37
2768865.54
2773454.83
2770946.82
2769920.47
2772554.45
2770609
2768915.78
2771981.66
2768094.07
2771306.57
2777418.23
2775777.49
2769875.69
2774181.04
2781774.15
2769337.09
2768812.76
2774714.28
2776307.38
2768886.12
2781307.01
2770096.09
2771082.16
2768957.38
2775930.06
2768358.84
2771029.54
2770653.59
2772655.7
2772067.67
2771108.32
2777391.75
2770344.56
2768223
2770540.13
2764405.56
2768898.58
2768440.93
2768404.76
2771566.89
2772678.68
2770588.43
2772310.48
2771480.81
2770846.18
2768373.84
2770668.5
2769795.05
2768548.51
2771027.72
2778518.79
2769613.4
2781918.84
2765929.22
2770806.32
2772311.39
2779456.79
2771849.88
2772042.92
2770273.62
2781685.07
2768154.8
2772613.91
2777890.84
2773495.53
2770798.92
2766227.43
2766317.17
2770941.01
2765188.36
2771262.08
2765846.4
2768743.39
2781106.41
2773565.06
2772121.4
2768267.47
2780646.31
2774285.58
2775422.29
2781772.72
2769328.32
2779227.41
2773054.91
2779216.84
2771200.55
2764683.04
2772720.17
2767749.94
2770283.55
2778905.38
2769898.95
2769059.28
2764489.07
2772186.69
2769596.65
2775831.56
2771807.52
2770091.83
2780244.12
2780682.22
2768962.86
2777063.57
2764537.62
2766321.99
2785627.07
2764925.08
2769794.87
2774056.52
2778107.2
2771476.14
2772226.79
2774243.76
2777830.06
2771337.64
2779386.04
2773978.95
2768283.81
2779074.96
2770856.66
2770305.69
2779251.89
2775009.11
2769090.72
2769155.44
2775392.62
2778208.02
2764939.99
2773460.33
2768540.9
2770887.54
2774358.98
2770952.74
2770767.71
2771367
2771777.17
2775563.74
2778866.85
2775220.54
2772578.17
2775329.64
2766434.12
2769376.22
2764213.36
2778481.72
2773100.14
2764378.77
2766519.56
2766151.43
2769436.86
2772304.6
2775974.65
2767458.28
2769130.19
2772830.78
2774884.15
2777290.3
2769010.61
2768578
2768261.98
2778605.41
2772339.19
2770842.07
2778454.49
2772686.63
2769111.73
2768434.83
2770303.24
2770112.18
2778837.81
2770224.34
2779809.69
2770921.48
2771897.75
2781009.36
2770869.41
2781757.33
2766917.37
2772670.15
2773899.63
2765105.79
2771812.32
2774454.85
2769148.84
2768585.6
2778860.27
2778455.63
2767755.78
2764791.94
2771190.49
2768860.17
2764915.94
2769445.28
2770109.13
2772604.5
2780585.24
2770070.89
2770100.74
2772437.68
2769898.95
2772524.62
2775347.52
2775155.09
2772622.97
2771164.28
2769177.52
2770272.8
2768501.45
2772443.61
2775481.74
2771865
2782090.38
2773515.87
2778503.02
2772689.56
2767201.26
2773199.63
2765223.41
2769672.13
2773411.35
2775629.66
2780472.86
2768477.49
2782111.28
2775570.73
2772898.51
2773859.27
2771829.37
2779626.74
2766956.43
2778304.05
2765478.14
2772753.76
2769257.64
2778525.17
2775399.13
2765900.18
2769857.77
2770245.27
2773642.89
2769126.28
2770190.78
2769714.69
2768370.13
2764746.62
2769079.89
2770496.05
2771038
2770493.19
2771274.04
2766048.57
2770355.01
2769087.01
2779576.94
2775167.09
2769399.05
2770133.78
2781376.63
2770780.33
2781086.94
2770522.47
2768954.86
2770579.66
2775946.56
2769022.84
2771233.93
2771252.43
2773390.98
2770015.92
2775497.27
2770529.65
2770186.54
2772682.02
2771099.42
2769506.62
2771676.6
2774922.76
2771630.34
2781703.87
2781870.79
2770681.88
2771853
2773125.33
2768557.58
2764925.08
2778604.68
2769217.83
2781085.54
2778155.59
2785353.16
2770576.98
2764298.93
2775579.27
2774053.53
2780202.41
2769543.63
2779947.99
2764430.33
2770029.25
2772032.42
2779103.22
2773567.14
2780159.71
2780390.57
2773495.26
2771322.09
2773702.31
2768561.35
2766638.7
2777391.75
2775362.3
2778753.59
2772853.29
2772426.24
2771900.33
2771242.76
2769394.71
2770727.39
2771518.1
2774720.83
2772700.91
2769099.16
2768143.54
2771621.32
2780578.17
2771757.54
2767917.59
2775531.26
2774940.41
2771994.83
2766641.77
2773237.7
2769511.06
2768657.58
2768577.95
2770651.63
2768932.74
2771071.54
2767570.16
2777916.33
2765846.4
2779141.11
2778709.28
2778465.13
2772088.21
2770557.48
2769843.12
2765221.44
2775180.12
2779933.5
2771160.5
2769859
2771081.53
2770723
2775227.27
2772719.94
2769518.43
2769249.24
2771875.49
2773836.25
2774379.53
2771851.27
2768270
2770148.37
2769874.4
2781726.37
2766564.9
2770163.84
2766316.08
2773463.88
2772862.04
2774176.87
2774510.94
2768801.62
2769337.09
2770842.98
2772449.94
2768379.47
2769683.8
2778658.72
2771628.15
2769782.9
2771439.5
2766187.22
2770429.44
2768376.23
2769418.58
2772272.43
2775384.27
2767450.69
2770129.91
2772398.77
2773276
2769434.7
2764925.08
2773751.79
2778318.77
2775580.8
2778767.68
2773640.33
2771659.55
2769967.15
2774936.65
2773360.47
2780381.88
2776053.18
2779231.87
2778649.78
2768872.78
2775723.01
2772900.23
2769969.42
2769532.35
2772038.76
2773685.5
2765575.11
2770994.29
2775493.16
2770556.1
2774457.5
2770682.01
2768770.07
2774503.83
2778767.26
2773515.87
2775625.31
2769521.05
2774905.56
2775619.98
2779257.91
2772523.44
2772700.91
2771223.49
2770668.5
2770048.1
2773102.99
2770474.98
2770623.13
2773253.6
2772465.19
2769222.27
2779861.53
2768933.51
2772035.19
2771680.84
2776260.33
2776236.16
2772478.56
2777141.33
2768525.57
2771507
2766063.29
2770064.96
2770709.19
2781011.42
2772492.44
2771760.19
2775274.78
2769007.56
2771696.59
2771683.89
2771488.72
2768771.89
2773270.2
2769985.7
2771374.88
2775915.96
2763871.15
2766591.64
2766316.08
2780852.99
2771012.98
2769133.88
2772318.31
2775773.33
2775381.34
2779106.45
2764925.08
2780640.68
2770321.77
2771145.96
2765921.8
2777422.56
2765510.8
2768756.15
2770472.2
2769279.76
2764283.48
2771634.69
2775416.06
2776214.14
2770180.35
2772972.24
2771845
2773306.56
2764881.6
2774188.84
2781808.78
2782080.72
2773574.36
2770581.81
2775175.28
2772790.31
2771903.2
2775376.56
2772722.26
2764923.31
2782942.71
2764784.4
2767926.84
2773714.16
2768571.15
2764959.16
2774936.65
2766751
2762685.44
2765852.29
2771480.34
2766546.65
2772898.51
2768972.52
2773676.43
2780719.05
2775674.64
2768270
2766483.79
2772562.33
2772493.79
2775401.87
2765922.77
2773856.23
2773336.4
2772684.12
2772829.1
2770064.72
2770136
2774011.57
2768507.29
2770508.05
2775998.86
2766315.89
2780821.3
2781733.02
2764864.79
2771199.8
2771359.42
2775288.02
2773347.13
2781394.86
2773607.68
2768679.03
2778662.17
2764230.91
2778330.94
2770713.31
2777443.72
2775216.02
2771294.77
2771593.25
2772181.18
2778169.01
2770319.43
2768500.23
2771779.89
2765401.31
2780691.5
2772461.26
2768375.22
2770398.72
2770494.76
2770371.07
2770039.21
2764518.87
2766173
2769351.95
2779317.48
2772274.1
2770288.43
2777927.21
2780454.37
2764118
2769707.75
2768617.07
2773099.12
2774936.65
2779666.39
2770253.75
2764756.51
2775314.79
2772585.29
2773614.16
2771076.74
2775503.73
2771706.85
2771202.65
2769353.34
2771849.4
2769670.4
2765071.34
2777852.95
2775403.67
2775087.71
2772589.37
2772637.99
2775355.76
2768763.98
2768679.63
2764408.39
2771518.1
2770642.09
2775052.56
2776058.97
2768572.77
2777914.45
2769299.13
2774085.05
2769667.33
2768662.35
2769909.63
2768863.59
2772934.32
2764443.16
2764646.51
2768583.25
2769151.26
2777552.83
2783299.34
2770342.89
2772365.94
2771642.98
2773847.81
2765820.01
2774263.64
2770244.4
2776510.64
2771501.04
2776179.97
2771944.52
2769249.52
2775127.34
2764083.43
2772478.46
2771070.17
2771420.64
2774828.59
2770118.21
2771726.1
2765773.75
2774756.02
2773365.17
2764799.62
2770937.45
2766087.31
2768909.59
2771657.69
2770465.93
2782062.64
2770501.81
2773839.7
2772339.19
2781492.2
2773289
2772009.8
2772063.66
2770655.97
2772132.05
2769207.59
2779079.15
2774438.06
2768650.64
2771012.85
2772006.39
2770329.6
2781177.82
2772130.06
2769325.36
2774839.52
2768233.09
2774470.38
2773605.66
2772206.82
2765871.6
2774894.71
2766519.05
2775395.66
2779116.8
2769422.84
2777391.75
2767619.13
2772010.28
2779173.74
2774374.41
2768272.34
2772926.4
2772214.62
2769944.83
2769358.53
2769617.96
2771012.98
2771724.87
2771489.96
2771815.41
2772106.66
2772117.52
2772153.58
2773425.76
2780235.9
2771625.82
2765343.4
2773981.01
2770850.05
2769516.49
2775798.97
2779390.01
2775038.9
2771100.26
2768786.82
2768720.49
2779669.81
2771431.01
2769377.67
2780105.84
2770843.46
2772522.35
2768876.32
2766432.74
2769793.44
2779341.01
2768896.68
2780985.1
2770820.27
2775597
2780244.12
2769289.85
2765844.22
2765057.83
2772491.57
2775377.65
2764925.08
2771053.74
2764175.34
2769539.9
2772571.64
2770326.84
2768869.11
2775548.82
2765180.93
2764153.44
2780979.09
2768402.25
2770621.62
2772029.23
2770621.62
2772241.39
2771439.2
2766326.46
2768908.92
2779205.05
2776552.74
2769052.84
2774701.49
2770738.01
2766335.78
2773371.34
2770789.63
2768447.03
2780939.75
2768188.87
2768951.18
2776759.45
2773637.52
2770553.25
2765934.24
2771529.59
2772397.89
2775338.84
2767718.12
2769270.05
2770637.55
2782045.43
2765508.13
2768306.81
2768179.57
2770179.06
2779396.89
2779235.39
2778222.92
2772581.38
2771724.87
2771018.59
2764334.04
2770031.51
2768638.93
2768645.41
2770053.37
2771992.76
2781645.38
2777827.14
2770225.32
2770672.91
2768693.47
2767444.44
2772419.96
2769859.4
2765948.3
2770477.92
2764131.35
2776849.86
2764755.38
2771336.19
2773725.77
2768585.67
2777320.35
2775881.09
2770467.64
2768978.21
2768847.26
2769703.67
2775231.84
2769340.67
2772407.37
2772280.77
2766223.5
2768591.27
2765782.78
2774765.48
2775944.12
2768073.66
2768871.37
2771522.66
2771725.9
2779782.34
2771897.35
2770422.08
2766557.9
2771114.87
2772562.82
2764211.48
2778964.25
2772034.81
2778659.01
2770669.62
2770550.28
2778585.86
2770097.9
2768569.65
2780454.37
2775359.16
2771775.5
2775459.64
2771233.93
2772089.4
2774019.37
2774018.95
2775231.84
2771095.08
2775403.67
2775528.89
2768993.34
2773602.63
2775132.83
2770727.14
2771481.08
2778436.04
2769178.85
2769142.2
2773318.62
2772164.39
2772665.58
2776607.32
2770852.02
2771532.43
2770268.3
2775364.34
2768874.74
2774506.99
2776231.79
2769122.46
2779734.68
2779234.6
2776153.69
2779870.74
2774177.59
2782071.34
2774374.41
2781147.78
2775118.44
2770097.33
2771132
2778570.63
2769051.38
2776658.95
2772019.4
2777391.75
2765514.98
2764925.08
2777337.05
2772762.69
2764925.08
2774407.22
2768683.27
2764925.08
2774050.91
2771520.59
2766520.13
2769353.49
2773310.07
2781133.84
2782616.72
2768579.07
2769295.39
2770115.39
2770170.48
2778964.25
2769543.55
2769460.62
2775549.65
2768181.02
2770977.72
2772964.16
2769095.54
2770028.56
2769358.75
2775949.88
2777391.75
2771786.37
2781081.7
2769380.76
2771435
2771518.1
2775621
2768841.83
2772472.5
2772145.59
2777949.01
2777391.75
2775189.35
2768653.11
2766491.22
2766090.27
2769612.41
2766400.8
2764856.55
2769857.91
2772732.69
2773462.12
2777480.49
2779092.02
2774763.25
2774839.02
2770897.08
2770773.16
2769692.5
2782804.31
2769346.87
2770968.23
2781110.28
2778677.2
2775462.87
2769753.89
2770086.08
2779422.32
2773293.33
2776039.3
2778500.83
2772366.04
2775832.52
2770632.73
2766557.9
2770993.73
2771035.3
2770454.9
2768921.43
2769518.35
2773602.22
2781486.6
2770616.63
2768551.48
2775167.87
2779525.82
2769051
2768548.57
2775393.53
2770719.97
2766477.84
2775892.33
2775343.73
2771543.38
2768679.16
2775575.12
2772367.63
2770288.07
2775584.68
2768577.44
2776141.43
2776643.44
2771497.25
2773983.35
2775348.7
2772196.44
2769022.32
2774323.82
2775242.35
2778517.69
2774570.23
2768559.61
2770929.81
2780274.13
2779782.34
2776639.96
2771093.1
2772377.11
2782202.02
2781934.14
2764871.85
2771425.12
2777931
2769290.67
2770713.31
2768235.4
2769353.6
2775917.57
2770254
2770859.92
2781703.62
2771818.63
2768771.13
2768749.7
2782391.71
2773425.76
2773605.66
2766877.04
2773525.11
2770536.5
2769143.95
2779737.78
2770235.08
2771053.3
2772297.58
2770835.13
2768648.3
2766336.89
2782066.98
2770285.81
2772059.01
2770613.4
2775971.3
2775719.31
2764685.94
2773381.55
2771215.89
2774062.9
2776404.75
2775610.08
2772897.13
2771076.74
2773272.53
2773425.76
2768830.28
2771300.51
2780674.17
2766556.37
2774752.88
2771758.54
2775073.56
2782060.98
2770738.5
2770136
2765260.6
2772700.91
2774763.25
2771645.36
2776969.96
2775956.52
2773625.42
2771348.74
2766353.67
2768260.81
2772271.62
2772568.31
2771826.52
2774770.74
2780174.21
2768843.45
2781485.75
2768706.03
2769362.15
2776002.79
2770927.52
2769298.76
2769180.66
2781087.57
2781271.72
2773884.88
2771866.6
2773069.55
2764014.18
2771694.76
2774385.02
2772434.49
2772378.28
2775412.34
2770402.1
2772700.91
2773863.69
2772139.14
2775677.87
2770609.41
2770979.28
2769017.65
2772051.43
2768174.29
2772692.41
2769492.32
2770742.56
2775403.67
2771241.78
2775844.94
2770775.35
2773608.44
2770976.42
2771074.51
2773081.61
2765109.98
2770589.96
2765917.53
2772281.17
2772672.65
2765093.04
2777290.93
2771696.59
2764686.33
2770200.03
2774748.73
2780733.72
2775058.98
2765023.31
2765866.46
2769001.14
2772104.58
2765464
2775847.07
2767571.97
2774569.79
2766189.7
2775358.34
2773298.4
2775285.2
2764640.4
2769234.26
2769329.84
2769791.76
2769528.08
2773159.8
2779243.33
2772154.36
2765633.63
2769493.08
2771142.89
2770075.57
2775139.04
2778933.62
2766359.76
2766557.9
2771235.65
2772531.83
2768682.2
2769103.67
2775177.29
2771497.33
2775785.91
2778111.94
2765760.54
2772405.27
2773549.96
2768518.9
2770121.56
2771493.07
2770863.85
2778078.29
2770465.39
2764780.43
2772416.79
2764627.9
2779806.52
2769833.93
2778767.26
2771779.63
2771089.66
2770977.94
2771060.02
2772996.02
2773255.69
2781772.82
2771383.35
2775198.8
2773032.79
2770602.4
2768208.28
2769182.33
2771535.09
2772225.58
2772243.68
2771164.28
2771746.39
2768116.62
2769599.21
2778759.33
2773065.14
2774669.2
2764655.54
2773099.12
2771150.7
2781596.19
2770137.95
2774841.86
2775888.45
2766648.35
2774001.99
2777439.25
2770574.44
2769843.47
2770309.51
2769012.86
2769189.3
2772171.14
2768370.13
2769371.19
2773146.31
2771411.1
2768535.17
2779333.76
2768557.62
2778636.36
2764750.27
2770357.61
2776924.73
2769402.87
2778739.75
2771713.81
2769114.28
2770548.77
2774885.08
2773425.76
2769348.29
2772716.87
2769176.69
2771728.22
2769559.68
2768726.19
2777833
2778426.47
2771127.07
2775600.29
2765060.5
2775707.43
2772603.38
2765866.05
2779867.97
2765108.11
2772589.37
2769693.09
2778463.37
2771081.02
2772336.52
2770433.38
2776557.72
2770464.44
2769620.39
2773096.42
2775091.69
2771062.06
2770851.79
2772943.42
2771481.08
2781536.94
2779251.24
2779309.38
2770453.35
2766009.79
2770364.91
2778415.46
2770025.26
2776505.47
2773811.21
2779390.75
2773563.7
2769096.22
2765897.25
2777918.94
2772700.91
2768522.8
2768805.78
2772857.23
2769336.18
2773494.18
2769202.66
2772886.18
2781991.65
2769025.08
2766465.92
2770987.92
2773263.97
2771074.51
2768495.78
2778257.01
2769218.77
2771070
2764925.08
2776724.29
2778703.37
2772833.35
2764574.56
2770426.34
2766236.12
2780533.71
2772166.26
2775474.76
2771062.87
2772419.96
2766416.4
2768854.15
2773385.17
2774982
2772575.36
2772072.79
2769702.16
2770874.59
2770602.14
2768171.16
2768141.53
2764861.6
2778398.47
2768386.09
2776581.29
2769423.39
2770125.74
2772353.38
2769985.7
2769815
2769143.33
2768888.65
2771957.16
2779296.13
2770331.4
2764807.77
2769697.72
2768457.22
2769273.25
2780640.68
2772603.38
2775403.67
2765027.32
2768552.96
2769875.85
2772857.12
2772657.47
2770588.43
2769905.09
2774677.69
2776061.08
2780738.83
2772677.98
2772690.73
