2771319.23
2768801.21
2771283.42
2770933.71
2769238.23
2769252.84
2770357.87
2766663.53
2764881.58
2765268.68
2763881.93
2769690.64
2769726.19
2769419.61
2772180.08
2771131.81
2771410.39
2770621.89
2771145.78
2769386.18
2775140.77
2772225.62
2773679.42
2771489.36
2771446.25
2773593.37
2775427.42
2773846.31
2773521.99
2772126.05
2771649.50
2773873.52
2780923.67
2779945.98
2776851.50
2774845.56
2776032.78
2776868.27
2775770.65
2782868.52
2781055.98
2779688.93
2779147.63
2782207.84
